k=[1 ,2 ,3 ]
l=[1 1 1; 1 1 1; 1 1 1]
m=k*l